220
220
220
221
222
222
223
223
100
130
210
222
303
400
422
435
435
435
201
202
230
250
300
300
301
305
308
321
331
341
411
491
493
271
271
464
465
471
205
205
210
224
224
225
225
225
245
245
260
260
260
322
325
325
326
326
330
330
334
342
342
350
352
354
375
375
375
401
402
402
402
413
420
420
425
425
428
428
430
431
432
433
442
445
450
456
475
481
486
486
486
486
486
486
486
492
492
492
492
492
492
492
492
101
102
131
143
143
151
153
210
210
410
410
201
210
210
242
250
333
333
444
466
493A
493A
200
201
201
203
206
206
220
236
264
320
325
330
363
370
412
420
429
433
439
441
491
491
210
310
410
101
101
110
140
146
147
200A
200D
200D
201
201
203
222
248
282
295
301
305
314
314
315
401
407
425
425
425
427
435
435
442
455
483
483
350
350
350
350
350
355
355
440
485
485
485
485
485
102
202
302
402
112
112
112
112
112L
112L
112L
112L
212
212
212
212
212L
212L
212L
212L
322
322
322
322
322L
322L
322L
322L
208
410
101
193
214
291
291
291
111
121
222
231
323
427
439
230
350
360
385
429
444
456
469
469
478
484
487
487
491
121
204
213L
213L
302
313
314L
314L
314L
424
424L
424L
424L
430
430
434
435
435L
439
446
446
447
447
401
401
401
401
461
461
461
462
462
462
462
462
471
471
471
471
495
495
495
495
495
495
495
495
495
495
495
161
161
161
161
161
161
161
161
161
162
162
162
162
162
171
171
171
171
171
171
172
172
172
181H
191H
102
201
491
491
110
112
114
114
116
117
201
202
203
204
205
206
207
208
214
396
396
496
221
221
273
274
305
312
321
337
341
371
372
405
407
432
448
449
461
471
495
495
495
495
495
495
141
141
141
142
142
143
152
161
161
161
162
162
162
182H
251
252
252
252
252
255
255
262
311
333
333
352
355
384
395
415
415
435
484
485
240
240
260
261
261
301
301
416
449
460
470
201
210
210
301
312
316
316
316
316
321
434
473
483
102
202
302
350
360
360
402
466
110
110
220
220
220
275
275
292
292
292
294
335
355
422
424
425
426
432
433
465
474
485
491
491
491
491
491
494
201
492
101
124
222
230
245
311
315
385
201
201
201
201
201
202
202
202
202
402
100
225
225
240
275
275
300
304
305
306
307
310
325
330
340
360
375
399
401
425
440
475
475
490
490
494
232
333
364
391
444
102
102
102
102
220
231
231
232
260
291
291
320
325
331
331
335
404
410
415
422
425
429
431
440
471
472
476
477
480
482
491
498
101
124
135
151
171
178
181
202
202L
210
267
269
272
282
294
313
330
330
340
350
431
441
451
451
488
200
200
215
221
223A
223B
259
265
273
276
300
301
310
320
343
343
354
429
431
433
453
463
464
473
300
351
352
452
491
315
361
491
201
201
201
202
202
202
251H
252H
301
301
302
302
310
330
332
340
380
401
404
406
410
420
420
420
421
425
436
438
440
441
450
460
480
485
491
495
499
499
101
201
201
202
203
230
280
280
302
303
305
313
320
331
345
366
377
390
402
407
410
416
417
423
447
448
456
457
480
480
491
260
320
405
100
102
393
393
393
393
393
280
421
422
487
489
129
140
204
210
210
210
210
211H
223
226
226
226
228
229
280
280
280
302
302
308
318
320B
320C
320D
323
353
354
360
362
368
413
413
429
440
473B
478B
484B
492H
111
205
205
451
479
280
390
170
190
190
190
190
190
190
190
202
480
491
250
311
311
311
311H
312
312
312
320
321
413
414
414
414
444
451
451
455
455
457
470
473
478
480
481
491
491
491
210
220
335
439
460
200
230
260
301
334
334
381
400
434
435B
450
480
101
202
212
330
372
412
414
414
419
419
461
461
462
466
202
320
320
321
321
330
340
416
430
445
325
401
402
422
431
431
433
470
101
110
207
293
293
364
410
439
444
445
463
471
472
479
481
323
323
385
385
385
451
491
160
200
260
303
360
360
365
365
460
465
467
468
492
492A
494
151
203
203
204
206
206L
211
221
221L
303
324
330
333
337
340
413
440
201
301
304
361
412
421
431
440
101
201
202
202
302
302
302
325
341
445
460
201
313
102
252
260
271
402
446
100
105
201
237
265
267
302
307
311
311
321
337
345
345L
349
358
375
376
380
382
405
411
420
437
447
473
482
482
485
486
489
489
489
491
492
492
145
211
212
212
225
225
238
270
320
320L
321
321
321L
321L
322
345
412
444
447
448
454
472
473
481
493
102
101
101
101
101
101
101
101
101
101
101
150
250L
300
310
320
350
400
406
406
444
445
450
453
457
472
485
490
494
201
211
311
311
313
410
414
465
465
100
204
205
206
206
206
206
212
218
218L
219
232
242
243
251
253
323
336
341
401
404
430
461
110
150
201
201
201
201
202
203
206
213
225
281
293
302
304
306
309
311
314
317
324
326
328
331
332
334B
335
344
364
368
369
373
388
391
392
396
455
456
480
481
483
486
487
201
201
202
202
203
204
205
205
205
206
206
206
206
207
207
207
207
207
207
207
207
207
207
207
207
207
208
208
209
209
209
210
210
211A
211B
211B
211C
211C
211C
211C
211C
221A
221A
221A
221B
221B
221C
221C
221C
221C
221C
221C
221C
231A
231A
231A
231A
231B
231B
231B
231B
231B
231C
231C
231C
231C
241A
241A
241C
241C
241C
241D
241D
241D
241D
241E
241E
241E
241E
241F
241F
241F
241G
150
200
200
313
328
328
341
341
341
355
355L
357
357
365
369
391
405
425
445
450
489
492
492L
493
494
142
150
250
252
350
350
352
354
393
440
451
452
401
200
200
201
201
201
201
201
202
202
202
202
202
202
202
202
204
204
204
204
208L
301
301
320
420
203A
203A
203A
203B
203B
203B
203L
205
205
209
215
217
217
210
210
210
210
210
215
220
225
230
235
305
305
305
305
310
310
310
310
310
310
310
315
315
315
315
315
325
325
327
330A
330B
330C
335
335
335
101
102
201
202
209
311
444
444
481
102
102
202
302
369
402
469
491
108
200
200
200
203
206
206
212
300
300
300
303
306
310
317
345
402
403
406
410
416
430
492
492
492
492
492
492
492
492
493
101M
101T
102A
102C
102K
103A
103U
103V
106S
106W
108A
108W
109
109
113B
113C
113E
113F
113N
113P
113V
113W
117B
118A
126
127
127
173
204
205
216
251
310
310
320
330
345
355
360
360
365
402
427
445
454
465
465
490
492
493
102
202
141
231
243
345
390
421
448
117
118
118
119
119
133
133
133
133
133
144
144
145
145
145
145
145
171
171L
172
172
172
172
172L
172L
172L
172L
220
240
274
274
274
321A
322B
322B
323B
323B
324A
324B
325B
326A
326B
327A
327A
492
492
492
492
492
492
492
492
401
401
424
431
434
437
450
455
463
463
471
152
252
361
496
496
102
211
111
202
202
202
202
202
202
202
202
202
202
202
202
221
221
221
221
231
231
271
271
281
281
281
295
320
322
324C
324D
326
331
333
348
349
351
362
364
367
371
371
371
373A
376
377
378
380
380
381
383
386
387
390
399
400
401
412
459
492
492
492
492
492
493
497
497
497
498
498
201
222
280
300
332
332
332
361
361
370
370
372
385
391
391
410
410
412
413
413
417
426
433
441
442
445
451
451
451
456
461
461
464
464
465
470
477
478
481
495
497
497
492
315
325
352
371
409
409
409
409
409
414
460
474
476
490
493A
101
101
201
227
230
231
239
241
247
250
301
311
327
337
341
341
342
343
344
347
350
351
355
361
401
401
440
441
442
449
450
455
472
488
491
491
491
491
491
491
491
498
498
250
250
300
300
302
310
313
313
313
317
319
327
351
355
383
410
412
412
415
415
420
420
430
460
460
491
491
141
201
301
301
301
302
302
365
365L
409
409
409
413
433
433
434
445
445
451
461
491
491
492
499
499H
120
120
120
120
120
120
120
120
120
120
220
220
220
220
220
220
220
220
220
220
320
320
320
320
320
320
320
320
320
320
420
420
420
420
420
420
420
420
420
420
250
260
360
370
381
460
465
466
466
101
102
102
103
103
103A
103A
103B
103B
103B
103B
103B
103B
114
116
124
124
124
124
124
124
124
124
124
126
132
132
132
132
132
133
133
133
133
133
153H
202
234
234
234
235
235
235
235
254H
301
305
309
309
310
310
314
317H
320
320
320
330
340
347H
360
361
396
411
411
415
419H
421
421
425
429H
432
442
452
457
481
482
496
496
112
115
116
117
118
119
125
125
126
127
131
142
144
147
147
150M
150M
150M
164
175
178
181
181
183
186
212
231
249
277
281
281
283
336A
354B
380
401
420
423
430
439
455
467
488
498
302
311L
311L
311L
311L
420
440
492
492
492
111
200
475
490
495
497
498
205
205
205
205
205
205
205
205
300
300
301
301
322
322
322
322
322
324
324
324
324
324
332
332
332
332
332
332
332
332
334
334
334
334
334
334
334
334
334
334
336
355
371
371
371
371
371
371
371
375
375
423
436
436
436
436
436
436
437
437
437
437
437
445
445
445
445
445
445
445
445
460
460
460
460
460
460
460
460
460
471
471
471
471
471
471
471
475
481
481
120
403
403
491
101
101
101
101
130
130
130
211
213
220
315
330
340
344
344
353
354
380
410
453
454
456
461
492
211
321
350
351
422
450
450
450
450
450
450
450
450
450
450
454
461
483
487
183
183
183
183B
184
184
184
184
184B
192
192
215
231
231
231C
232
232
232
232
232
232C
233B
234B
242
252
252
252
252
252
294H
321
410
431
431
440
440
451
451
472
480
482
492
493
102
221
315
322
323
410
411
411
421
421
432
455
470
485
485
491
491
493
105
105
106
415
416L
418
499
105
405
407
407
100
140
160
170
201
202
202
304
313
320
320
321
324
344
345
351
354
358
358
363
364
371
372
392
397
422
422
422
422
422
494
495
101
250
310
311L
425
432
432
432
460
460
460
460
460
460
475L
101
101
101
200
209
209
235
235
236
244
255
280
295
320
339
342
371
372
381
395
401
402
409
424
455
490
491
491
493
493
493
493
499H
499H
112
112
112
202
202
203
203
203
215
215
225
225
235
315
315
316
325
326
336
336
345
346
492
492
101
101
101
150
185
205
210
215
220
291
301
306
330
355
413
425
102
202
232
421
303
304
371
371
371
372
372
373
373
462
463
470
470
471
472
472
475
476
479
491
100
100
161
214
214
215
215
216
216
241
252
282
310
315
316
361
452
475
478
480
488
499
101
101
201
201
201
202
202
202
202
202
202
310
310
320
320
320
320
320
330
330
342
342
350
350
350
350
412
420
420
432
432
440
440
452
472
482
199
199
293
299
299
399
399
399
399
442
490
490
493
493
493
499
110
110
110
110
110
110
110
113
113
113
113
113
114
114
114
201
270
320
325
343
345
345
354
355
370
371
380
391
420
440
474
491
491B
492
180
180
200
200
200
201
224
231
231
231
250
315
351
351
421
422
430
441
441
442
442
456
459
461
465
481
200
200
340
340
340
431
431
441
441
441
471
472
474
475
491
493B
493B
494B
150
150
250
291A
291A
291A
301
302
302
348
351
353
405
406
406
406
408
408
409
430
432
448
448
458
101
110
111
111L
202
202L
202L
204
204
204
208
216
292
292
300C
301
304
308
331
341
407
413
431
441
467
491
130
101
101
100
100
100
201
314
365
400
424
101
120
155
160
170
170
175
175
205
245
245
265
265
265
275
304
305
490
101
101
101
101
101
101
101
101
101
101
101
101
101
101
101
101
101
101
101
101
101
101
101
101
101
101
101
101
101
101
101
101
101
101
101
101
101
101
101
101
101
101
101
101
101
101
101
195H
195H
195H
195H
202
202
210
210
260
260
320
325
325
331
360
370
395
401
401
410
410
415
420
453
455
471
480
491
201
201
201
202
202
301
304
403
424
492
